Data	Prezzo	Rendimento	Volume
2022-01-03	17.328	0.0001	13521562
2022-01-04	17.714	0.0223	13228121
2022-01-05	18.428	0.0403	12358013
2022-01-06	18.246	-0.0099	19973672
2022-01-07	18.002	-0.0134	14026830
2022-01-10	17.864	-0.0077	12478895
2022-01-11	18.040	0.0099	9088781
2022-01-12	18.380	0.0188	6293653
2022-01-13	19.010	0.0343	11451163
2022-01-14	18.974	-0.0019	16893589
2022-01-17	19.140	0.0087	12639580
2022-01-18	19.094	-0.0024	8814355
2022-01-19	18.990	-0.0054	10158795
2022-01-20	18.794	-0.0103	11809912
2022-01-21	18.128	-0.0354	18772137
2022-01-24	16.788	-0.0739	18846784
2022-01-25	16.602	-0.0111	21923090
2022-01-26	17.404	0.0483	18049061
2022-01-27	17.542	0.0079	20085910
2022-01-28	17.068	-0.0270	14202828
2022-01-31	16.970	-0.0057	13266845
2022-02-01	17.344	0.0220	13546323
2022-02-02	17.476	0.0076	10512973
2022-02-03	17.374	-0.0058	11088446
2022-02-04	16.462	-0.0525	11443273
2022-02-07	16.302	-0.0097	20977707
2022-02-08	16.438	0.0083	12505001
2022-02-09	17.106	0.0406	10198211
2022-02-10	16.960	-0.0085	12414926
2022-02-11	16.770	-0.0112	11428071
2022-02-14	16.340	-0.0256	11021695
2022-02-15	17.012	0.0411	16408259
2022-02-16	17.170	0.0093	12740314
2022-02-17	16.850	-0.0186	8776802
2022-02-18	16.692	-0.0094	10002753
2022-02-21	16.304	-0.0232	8603795
2022-02-22	16.346	0.0026	10441662
2022-02-23	17.066	0.0440	15745316
2022-02-24	16.034	-0.0605	25063894
2022-02-25	16.884	0.0530	27661075
2022-02-28	16.370	-0.0304	19995543
2022-03-01	15.236	-0.0693	22573238
2022-03-02	15.392	0.0102	23131549
2022-03-03	14.960	-0.0281	19760491
2022-03-04	13.822	-0.0761	17317291
2022-03-07	12.938	-0.0640	27863742
2022-03-08	12.932	-0.0005	31710379
2022-03-09	14.520	0.1228	23437500
2022-03-10	13.470	-0.0723	24728697
2022-03-11	13.496	0.0019	19799814
2022-03-14	14.000	0.0373	17787316
2022-03-15	14.156	0.0111	16297996
2022-03-16	15.060	0.0639	14565554
2022-03-17	14.716	-0.0228	23758292
2022-03-18	14.664	-0.0035	14601848
2022-03-21	14.608	-0.0038	18834516
2022-03-22	14.822	0.0146	10727585
2022-03-23	14.594	-0.0154	12015856
2022-03-24	14.412	-0.0125	12834850
2022-03-25	14.434	0.0015	11775585
2022-03-28	14.450	0.0011	8201329
2022-03-29	15.410	0.0664	11175290
2022-03-30	15.166	-0.0158	21554111
2022-03-31	14.800	-0.0241	12692282
2022-04-01	14.790	-0.0007	11919513
2022-04-04	14.888	0.0066	11448264
2022-04-05	14.340	-0.0368	10698097
2022-04-06	13.702	-0.0445	15997790
2022-04-07	13.540	-0.0118	24669291
2022-04-08	13.766	0.0167	11808221
2022-04-11	13.922	0.0113	11644663
2022-04-12	13.906	-0.0011	9999354
2022-04-13	13.974	0.0049	10551107
2022-04-14	14.074	0.0072	15693607
2022-04-19	13.348	-0.0516	16219191
2022-04-20	13.420	0.0054	15206061
2022-04-21	13.550	0.0097	11110836
2022-04-22	13.112	-0.0323	11630517
2022-04-25	12.800	-0.0238	12733816
2022-04-26	12.392	-0.0319	11770439
2022-04-27	12.640	0.0200	13940427
2022-04-28	12.796	0.0123	13554190
2022-04-29	12.982	0.0145	12484763
2022-05-02	12.590	-0.0302	14469407
2022-05-03	12.990	0.0318	14107680
2022-05-04	12.822	-0.0129	14744944
2022-05-05	12.730	-0.0072	8840908
2022-05-06	13.144	0.0325	19205981
2022-05-09	12.700	-0.0338	20259397
2022-05-10	12.848	0.0117	11725915
2022-05-11	13.230	0.0297	12445007
2022-05-12	13.254	0.0018	12927245
2022-05-13	13.770	0.0389	14249318
2022-05-16	13.682	-0.0064	15173714
2022-05-17	13.728	0.0034	9695769
2022-05-18	13.508	-0.0160	10240007
2022-05-19	13.472	-0.0027	8960300
2022-05-20	13.540	0.0050	12962051
2022-05-23	13.572	0.0024	18384165
2022-05-24	13.136	-0.0321	12594588
2022-05-25	13.380	0.0186	16671957
2022-05-26	13.710	0.0247	12973796
2022-05-27	13.748	0.0028	10918350
2022-05-30	14.000	0.0183	9327762
2022-05-31	13.934	-0.0047	7221482
2022-06-01	14.176	0.0174	37176304
2022-06-02	14.264	0.0062	15541300
2022-06-03	13.792	-0.0331	6171646
2022-06-06	14.058	0.0193	11428730
2022-06-07	13.888	-0.0121	7563365
2022-06-08	14.008	0.0086	7108409
2022-06-09	13.712	-0.0211	9634086
2022-06-10	12.992	-0.0525	10113779
2022-06-13	12.482	-0.0393	15037945
2022-06-14	12.478	-0.0003	14372229
2022-06-15	12.830	0.0282	10537828
2022-06-16	12.152	-0.0528	11332648
2022-06-17	12.236	0.0069	14611301
2022-06-20	12.388	0.0124	18533131
2022-06-21	12.698	0.0250	7581801
2022-06-22	12.480	-0.0172	7844175
2022-06-23	12.214	-0.0213	11676761
2022-06-24	12.428	0.0175	10255053
2022-06-27	12.420	-0.0006	12342250
2022-06-28	12.540	0.0097	9393955
2022-06-29	12.190	-0.0279	7639261
2022-06-30	11.792	-0.0326	12427900
2022-07-01	11.720	-0.0061	14512586
2022-07-04	11.596	-0.0106	10328930
2022-07-05	11.240	-0.0307	6107231
2022-07-06	11.204	-0.0032	11642021
2022-07-07	11.998	0.0709	9293802
2022-07-08	12.458	0.0383	14373601
2022-07-11	12.200	-0.0207	13180717
2022-07-12	12.298	0.0080	8626651
2022-07-13	12.000	-0.0242	11261520
2022-07-14	11.692	-0.0257	10238269
2022-07-15	11.956	0.0226	10415134
2022-07-18	12.254	0.0249	11581552
2022-07-19	12.724	0.0384	9922342
2022-07-20	12.642	-0.0064	12516806
2022-07-21	12.568	-0.0059	12157434
2022-07-22	12.648	0.0064	12481446
2022-07-25	12.852	0.0161	10359729
2022-07-26	12.750	-0.0079	14546586
2022-07-27	12.930	0.0141	7574614
2022-07-28	13.566	0.0492	10498094
2022-07-29	13.922	0.0262	17843373
2022-08-01	14.046	0.0089	13107465
2022-08-02	14.282	0.0168	11197564
2022-08-03	14.424	0.0099	14546655
2022-08-04	14.324	-0.0069	15285395
2022-08-05	14.332	0.0006	13562461
2022-08-08	14.782	0.0314	9001478
2022-08-09	14.406	-0.0254	14175564
2022-08-10	14.608	0.0140	11966080
2022-08-11	14.686	0.0053	9001158
2022-08-12	14.832	0.0099	7311994
2022-08-16	14.900	0.0046	13634166
2022-08-17	14.640	-0.0174	10995275
2022-08-18	14.872	0.0158	10556642
2022-08-19	14.444	-0.0288	7441245
2022-08-22	13.852	-0.0410	10311180
2022-08-23	14.040	0.0136	11980241
2022-08-24	14.190	0.0107	12286103
2022-08-25	14.090	-0.0070	10843809
2022-08-26	13.740	-0.0248	10161956
2022-08-29	13.756	0.0012	13731714
2022-08-30	13.620	-0.0099	6505989
2022-08-31	13.354	-0.0195	10307319
2022-09-01	13.130	-0.0168	10781798
2022-09-02	13.474	0.0262	13103884
2022-09-05	12.828	-0.0479	12035329
2022-09-06	13.000	0.0134	15987748
2022-09-07	13.138	0.0106	12766603
2022-09-08	13.128	-0.0008	9752998
2022-09-09	13.292	0.0125	12143622
2022-09-12	13.738	0.0336	10817476
2022-09-13	13.544	-0.0141	11457955
2022-09-14	13.666	0.0090	10912849
2022-09-15	13.684	0.0013	11346666
2022-09-16	13.400	-0.0208	8404248
2022-09-19	13.510	0.0082	19048773
2022-09-20	13.220	-0.0215	6886234
2022-09-21	13.330	0.0083	13546841
2022-09-22	13.008	-0.0242	6910648
2022-09-23	12.482	-0.0404	8544502
2022-09-26	12.720	0.0191	13543361
2022-09-27	12.834	0.0090	10150594
2022-09-28	12.826	-0.0006	10252304
2022-09-29	12.214	-0.0477	11150967
2022-09-30	12.272	0.0047	16977425
2022-10-03	12.514	0.0197	10169498
2022-10-04	12.930	0.0332	9471228
2022-10-05	12.624	-0.0237	11699644
2022-10-06	12.534	-0.0071	12463118
2022-10-07	12.300	-0.0187	8128712
2022-10-10	12.184	-0.0094	9175837
2022-10-11	12.320	0.0112	9045643
2022-10-12	12.194	-0.0102	9623999
2022-10-13	12.486	0.0239	11106779
2022-10-14	12.498	0.0010	10838528
2022-10-17	12.814	0.0253	9644583
2022-10-18	13.022	0.0162	8222013
2022-10-19	12.968	-0.0041	12297217
2022-10-20	13.174	0.0159	6824383
2022-10-21	13.074	-0.0076	9200454
2022-10-24	13.474	0.0306	9054649
2022-10-25	13.530	0.0042	13799416
2022-10-26	13.652	0.0090	9098592
2022-10-27	13.634	-0.0013	7781915
2022-10-28	13.564	-0.0051	8560541
2022-10-31	13.660	0.0071	8075630
2022-11-01	13.792	0.0097	7809232
2022-11-02	13.734	-0.0042	10722898
2022-11-03	13.286	-0.0326	15068075
2022-11-04	13.564	0.0209	15660165
2022-11-07	13.760	0.0145	13582104
2022-11-08	13.710	-0.0036	6917921
2022-11-09	13.706	-0.0003	6347157
2022-11-10	14.158	0.0330	5584421
2022-11-11	14.228	0.0049	11647808
2022-11-14	14.408	0.0127	10016185
2022-11-15	14.516	0.0075	8631613
2022-11-16	14.250	-0.0183	8795173
2022-11-17	14.108	-0.0100	10218861
2022-11-18	14.410	0.0214	8112234
2022-11-21	14.542	0.0092	9935411
2022-11-22	14.682	0.0096	6841134
2022-11-23	14.464	-0.0148	8719566
2022-11-24	14.654	0.0131	6889669
2022-11-25	14.650	-0.0003	4996884
2022-11-28	14.554	-0.0066	4629453
2022-11-29	14.710	0.0107	5572080
2022-11-30	14.892	0.0124	8943265
2022-12-01	14.908	0.0011	15723912
2022-12-02	14.602	-0.0205	14291795
2022-12-05	14.658	0.0038	10869461
2022-12-06	14.448	-0.0143	7750958
2022-12-07	14.482	0.0024	7935913
2022-12-08	14.082	-0.0276	8112637
2022-12-09	13.724	-0.0254	12257326
2022-12-12	13.784	0.0044	17653946
2022-12-13	13.800	0.0012	6973217
2022-12-14	13.892	0.0067	11046928
2022-12-15	13.554	-0.0243	8090966
2022-12-16	13.354	-0.0148	14317406
2022-12-19	13.474	0.0090	18077490
2022-12-20	13.254	-0.0163	7028870
2022-12-21	13.540	0.0216	8853439
2022-12-22	13.124	-0.0307	7446576
2022-12-23	13.190	0.0050	10143472
2022-12-27	13.158	-0.0024	5234734
2022-12-28	13.118	-0.0030	3239781
2022-12-29	13.378	0.0198	6572127
2022-12-30	13.264	-0.0085	6912019
2023-01-02	13.648	0.0290	5485642
2023-01-03	13.826	0.0130	5995743
2023-01-04	14.192	0.0265	10635484
2023-01-05	14.340	0.0104	11205279
2023-01-06	14.446	0.0074	8703319
2023-01-09	14.554	0.0075	10476856
2023-01-10	14.666	0.0077	10394010
2023-01-11	14.648	-0.0012	10380755
2023-01-12	14.770	0.0083	8356208
2023-01-13	14.230	-0.0366	12310217
2023-01-16	14.316	0.0060	19979779
2023-01-17	14.362	0.0032	7749051
2023-01-18	14.268	-0.0065	10429807
2023-01-19	13.910	-0.0251	8387240
2023-01-20	14.024	0.0082	11640060
2023-01-23	14.016	-0.0006	11167514
2023-01-24	14.020	0.0003	7212139
2023-01-25	13.916	-0.0074	7526207
2023-01-26	14.054	0.0099	12105232
2023-01-27	14.196	0.0101	8296420
2023-01-30	14.024	-0.0121	9375416
2023-01-31	14.376	0.0251	10925629
2023-02-01	14.488	0.0078	14827578
2023-02-02	15.208	0.0497	13507907
2023-02-03	15.200	-0.0005	21413544
2023-02-06	15.080	-0.0079	16183901
2023-02-07	15.088	0.0005	9224277
2023-02-08	15.122	0.0023	8866682
2023-02-09	15.678	0.0368	9250490
2023-02-10	15.412	-0.0170	14231457
2023-02-13	15.508	0.0062	11119452
2023-02-14	15.576	0.0044	7457570
2023-02-15	15.870	0.0189	10154145
2023-02-16	15.904	0.0021	11385709
2023-02-17	15.950	0.0029	12236184
2023-02-20	16.138	0.0118	14123351
2023-02-21	15.868	-0.0167	10697835
2023-02-22	16.218	0.0221	11435162
2023-02-23	16.804	0.0361	24367740
2023-02-24	16.450	-0.0211	36181727
2023-02-27	16.632	0.0111	19389710
2023-02-28	16.554	-0.0047	12036930
2023-03-01	17.056	0.0303	14088988
2023-03-02	17.172	0.0068	19398003
2023-03-03	17.668	0.0289	11420680
2023-03-06	17.576	-0.0052	15723357
2023-03-07	17.530	-0.0026	9883487
2023-03-08	17.490	-0.0023	6385858
2023-03-09	17.202	-0.0165	9111642
2023-03-10	16.888	-0.0183	11070286
2023-03-13	16.204	-0.0405	15021327
2023-03-14	16.394	0.0117	15039282
2023-03-15	15.794	-0.0366	11328851
2023-03-16	15.916	0.0077	17797747
2023-03-17	15.716	-0.0126	12900149
2023-03-20	15.846	0.0083	23908153
2023-03-21	16.186	0.0215	11999902
2023-03-22	16.196	0.0006	9709910
2023-03-23	16.180	-0.0010	5353501
2023-03-24	15.902	-0.0172	7236962
2023-03-27	16.230	0.0206	10262336
2023-03-28	16.252	0.0014	5646418
2023-03-29	16.410	0.0097	5909643
2023-03-30	16.582	0.0105	8448399
2023-03-31	16.736	0.0093	7292278
2023-04-03	16.670	-0.0039	7644233
2023-04-04	16.440	-0.0138	6629722
2023-04-05	16.114	-0.0198	8633294
2023-04-06	16.248	0.0083	9491339
2023-04-11	16.750	0.0309	7050270
2023-04-12	16.796	0.0027	12791218
2023-04-13	16.828	0.0019	10373694
2023-04-14	17.164	0.0200	8015666
2023-04-17	16.978	-0.0108	12119073
2023-04-18	17.032	0.0032	10577376
2023-04-19	16.968	-0.0038	8183518
2023-04-20	16.050	-0.0541	9815276
2023-04-21	15.944	-0.0066	30007381
2023-04-24	14.938	-0.0631	18709660
2023-04-25	14.754	-0.0123	15865724
2023-04-26	14.670	-0.0057	12802557
2023-04-27	14.754	0.0057	11871441
2023-04-28	15.000	0.0167	7695151
2023-05-02	14.738	-0.0175	11434592
2023-05-03	14.462	-0.0187	10895285
2023-05-04	14.360	-0.0071	13843566
2023-05-05	14.726	0.0255	10894852
2023-05-08	14.820	0.0064	15362260
2023-05-09	14.942	0.0082	10852588
2023-05-10	14.970	0.0019	12384031
2023-05-11	14.910	-0.0040	14532664
2023-05-12	14.946	0.0024	14787155
2023-05-15	14.862	-0.0056	12722355
2023-05-16	14.692	-0.0114	6979058
2023-05-17	14.840	0.0101	11057876
2023-05-18	15.146	0.0206	9278619
2023-05-19	15.432	0.0189	11632468
2023-05-22	15.322	-0.0071	12014295
2023-05-23	15.238	-0.0055	8532535
2023-05-24	14.620	-0.0406	5871114
2023-05-25	14.470	-0.0103	15676039
2023-05-26	14.772	0.0209	7678675
2023-05-29	14.750	-0.0015	8300145
2023-05-30	14.700	-0.0034	4343170
2023-05-31	14.182	-0.0352	5979606
2023-06-01	14.384	0.0142	21256643
2023-06-02	14.786	0.0279	7226441
2023-06-05	14.816	0.0020	10278458
2023-06-06	14.750	-0.0045	8266949
2023-06-07	14.964	0.0145	8650014
2023-06-08	15.180	0.0144	9291294
2023-06-09	15.052	-0.0084	12157137
2023-06-12	15.296	0.0162	7418767
2023-06-13	15.562	0.0174	8610526
2023-06-14	15.766	0.0131	13145347
2023-06-15	15.732	-0.0022	11847228
2023-06-16	15.858	0.0080	8520618
2023-06-19	15.740	-0.0074	19094118
2023-06-20	15.380	-0.0229	6017902
2023-06-21	15.366	-0.0009	11502535
2023-06-22	15.224	-0.0092	6916847
2023-06-23	15.116	-0.0071	10448454
2023-06-26	15.184	0.0045	7172203
2023-06-27	15.314	0.0086	6793852
2023-06-28	15.470	0.0102	6603752
2023-06-29	16.020	0.0356	6375105
2023-06-30	16.090	0.0044	17456515
2023-07-03	16.292	0.0126	10384734
2023-07-04	16.256	-0.0022	9375062
2023-07-05	16.160	-0.0059	5279413
2023-07-06	15.878	-0.0175	8260448
2023-07-07	16.208	0.0208	11240630
2023-07-10	16.266	0.0036	9476409
2023-07-11	16.344	0.0048	7228050
2023-07-12	16.728	0.0235	6467031
2023-07-13	16.812	0.0050	14162649
2023-07-14	16.706	-0.0063	8435263
2023-07-17	16.604	-0.0061	5899088
2023-07-18	16.604	0.0000	6404556
2023-07-19	16.590	-0.0008	5678477
2023-07-20	16.660	0.0042	6011138
2023-07-21	16.510	-0.0090	6122923
2023-07-24	16.776	0.0161	6936458
2023-07-25	16.786	0.0006	7109803
2023-07-26	17.230	0.0265	8897952
2023-07-27	18.148	0.0533	22417006
2023-07-28	18.580	0.0238	26166721
2023-07-31	18.644	0.0034	20082108
2023-08-01	18.294	-0.0188	15437667
2023-08-02	18.056	-0.0130	15425954
2023-08-03	17.892	-0.0091	11604493
2023-08-04	17.858	-0.0019	10532614
2023-08-07	17.804	-0.0030	8928725
2023-08-08	17.554	-0.0140	6801416
2023-08-09	17.396	-0.0090	9271492
2023-08-10	17.450	0.0031	8177678
2023-08-11	16.850	-0.0344	8216296
2023-08-14	16.898	0.0028	16122254
2023-08-16	16.668	-0.0136	7733995
2023-08-17	16.476	-0.0115	8389896
2023-08-18	16.354	-0.0074	7981840
2023-08-21	16.644	0.0177	9934391
2023-08-22	16.716	0.0043	9118417
2023-08-23	16.734	0.0011	8069077
2023-08-24	16.546	-0.0112	6291950
2023-08-25	16.720	0.0105	7091036
2023-08-28	16.932	0.0127	7526567
2023-08-29	17.220	0.0170	6607847
2023-08-30	17.166	-0.0031	8358873
2023-08-31	17.176	0.0006	7113130
2023-09-01	16.800	-0.0219	11569859
2023-09-04	16.816	0.0010	11666523
2023-09-05	16.906	0.0054	4504238
2023-09-06	16.920	0.0008	9174981
2023-09-07	16.952	0.0019	8703043
2023-09-08	17.000	0.0028	7200222
2023-09-11	17.376	0.0221	7100852
2023-09-12	17.826	0.0259	10739743
2023-09-13	17.768	-0.0033	13811222
2023-09-14	17.574	-0.0109	11288726
2023-09-15	17.906	0.0189	16709197
2023-09-18	17.786	-0.0067	36133559
2023-09-19	18.052	0.0150	9089277
2023-09-20	18.616	0.0312	9785322
2023-09-21	18.162	-0.0244	15667041
2023-09-22	18.286	0.0068	11981684
2023-09-25	18.068	-0.0119	10861132
2023-09-26	17.982	-0.0048	8996455
2023-09-27	17.858	-0.0069	8040008
2023-09-28	18.164	0.0171	7850062
2023-09-29	18.210	0.0025	9633268
2023-10-02	18.100	-0.0060	8286197
2023-10-03	17.806	-0.0162	6654355
2023-10-04	17.726	-0.0045	6605190
2023-10-05	17.822	0.0054	10282272
2023-10-06	17.998	0.0099	5527172
2023-10-09	17.998	0.0000	6402353
2023-10-10	18.556	0.0310	7627362
2023-10-11	18.938	0.0206	11675755
2023-10-12	18.908	-0.0016	18706463
2023-10-13	18.830	-0.0041	10633081
2023-10-16	18.700	-0.0069	19599981
2023-10-17	18.894	0.0104	9251387
2023-10-18	18.772	-0.0065	6399295
2023-10-19	18.086	-0.0365	10750727
2023-10-20	17.648	-0.0242	15280650
2023-10-23	18.022	0.0212	12942091
2023-10-24	17.726	-0.0164	9709691
2023-10-25	17.778	0.0029	8865600
2023-10-26	17.672	-0.0060	7189477
2023-10-27	17.318	-0.0200	10665707
2023-10-30	17.040	-0.0161	12450326
2023-10-31	17.600	0.0329	14323388
2023-11-01	17.942	0.0194	14182437
2023-11-02	18.336	0.0220	9681075
2023-11-03	18.696	0.0196	11841806
2023-11-06	18.326	-0.0198	9445207
2023-11-07	18.086	-0.0131	7920896
2023-11-08	18.312	0.0125	5939653
2023-11-09	18.126	-0.0102	5793756
2023-11-10	17.982	-0.0079	5976783
2023-11-13	18.314	0.0185	6944719
2023-11-14	18.672	0.0195	7206261
2023-11-15	18.878	0.0110	10515963
2023-11-16	18.498	-0.0201	8814700
2023-11-17	18.470	-0.0015	7964023
2023-11-20	18.894	0.0230	7599546
2023-11-21	18.556	-0.0179	6718490
2023-11-22	18.564	0.0004	6250886
2023-11-23	18.672	0.0058	4843671
2023-11-24	18.798	0.0067	3943433
2023-11-27	18.748	-0.0027	4672931
2023-11-28	18.730	-0.0010	5605580
2023-11-29	19.714	0.0525	5832941
2023-11-30	19.902	0.0095	20868840
2023-12-01	20.105	0.0102	17250168
2023-12-04	20.305	0.0099	8606427
2023-12-05	20.465	0.0079	6866528
2023-12-06	21.060	0.0291	8992854
2023-12-07	20.915	-0.0069	17690685
2023-12-08	21.025	0.0053	9131440
2023-12-11	21.010	-0.0007	7284531
2023-12-12	20.970	-0.0019	6413676
2023-12-13	20.910	-0.0029	7923808
2023-12-14	21.260	0.0167	9328850
2023-12-15	21.545	0.0134	11600139
2023-12-18	21.515	-0.0014	19511083
2023-12-19	21.285	-0.0107	6076076
2023-12-20	21.240	-0.0021	7293863
2023-12-21	21.245	0.0002	4630510
2023-12-22	21.225	-0.0009	4775381
2023-12-27	21.230	0.0002	3446702
2023-12-28	21.185	-0.0021	3307983
2023-12-29	21.150	-0.0017	2852288
2024-01-02	21.175	0.0012	3003256
2024-01-03	20.450	-0.0342	6555080
2024-01-04	20.425	-0.0012	9454107
2024-01-05	20.510	0.0042	6889893
2024-01-08	20.670	0.0078	5771746
2024-01-09	20.555	-0.0056	5032487
2024-01-10	20.780	0.0109	4708004
2024-01-11	20.610	-0.0082	6468348
2024-01-12	20.455	-0.0075	7320207
2024-01-15	20.135	-0.0156	6380237
2024-01-16	19.916	-0.0109	6731316
2024-01-17	19.638	-0.0140	10179530
2024-01-18	19.838	0.0102	8907360
2024-01-19	19.670	-0.0085	6361284
2024-01-22	19.700	0.0015	5194364
2024-01-23	19.566	-0.0068	5777769
2024-01-24	19.564	-0.0001	7828394
2024-01-25	19.422	-0.0073	7315196
2024-01-26	19.524	0.0053	7940169
2024-01-29	19.474	-0.0026	5641798
2024-01-30	20.220	0.0383	4438527
2024-01-31	20.495	0.0136	13766227
2024-02-01	20.770	0.0134	9144243
2024-02-02	21.250	0.0231	9356392
2024-02-05	21.075	-0.0082	11183329
2024-02-06	21.450	0.0178	9651866
2024-02-07	21.675	0.0105	8926137
2024-02-08	22.135	0.0212	12047506
2024-02-09	22.465	0.0149	12290046
2024-02-12	22.640	0.0078	9318870
2024-02-13	22.390	-0.0110	9176164
2024-02-14	22.575	0.0083	8037810
2024-02-15	23.870	0.0574	6464782
2024-02-16	23.775	-0.0040	26185430
2024-02-19	23.615	-0.0067	12409794
2024-02-20	23.400	-0.0091	6918154
2024-02-21	23.540	0.0060	7143163
2024-02-22	24.230	0.0293	5523341
2024-02-23	24.610	0.0157	14623406
2024-02-26	24.305	-0.0124	9394967
2024-02-27	24.245	-0.0025	8443725
2024-02-28	24.365	0.0049	7049915
2024-02-29	24.135	-0.0094	9600693
2024-03-01	24.435	0.0124	11063363
2024-03-04	24.625	0.0078	7631742
2024-03-05	24.730	0.0043	6389811
2024-03-06	25.000	0.0109	8072102
2024-03-07	25.180	0.0072	10037443
2024-03-08	25.105	-0.0030	9368599
2024-03-11	25.295	0.0076	6583981
2024-03-12	25.765	0.0186	10537917
2024-03-13	25.435	-0.0128	10493291
2024-03-14	25.370	-0.0026	7650149
2024-03-15	26.030	0.0260	7737145
2024-03-18	26.150	0.0046	16946459
2024-03-19	26.610	0.0176	6669547
2024-03-20	26.660	0.0019	6869381
2024-03-21	26.915	0.0096	6765880
2024-03-22	26.935	0.0007	11374567
2024-03-25	27.155	0.0082	6318450
2024-03-26	26.580	-0.0212	6499778
2024-03-27	26.685	0.0040	10367706
2024-03-28	26.345	-0.0127	4620908
2024-04-02	25.480	-0.0328	7440740
2024-04-03	25.015	-0.0182	15323481
2024-04-04	25.050	0.0014	14198715
2024-04-05	24.600	-0.0180	7012430
2024-04-08	24.895	0.0120	9693283
2024-04-09	25.075	0.0072	5674371
2024-04-10	25.230	0.0062	7146791
2024-04-11	25.210	-0.0008	6806380
2024-04-12	24.385	-0.0327	7008730
2024-04-15	24.995	0.0250	9377404
2024-04-16	24.250	-0.0298	9469980
2024-04-17	24.270	0.0008	9118960
2024-04-18	24.350	0.0033	5664107
2024-04-19	24.230	-0.0049	6855279
2024-04-22	23.135	-0.0452	8589822
2024-04-23	23.305	0.0073	11791198
2024-04-24	23.275	-0.0013	12197084
2024-04-25	22.890	-0.0165	9249350
2024-04-26	23.045	0.0068	10823572
2024-04-29	23.225	0.0078	11608213
2024-04-30	20.880	-0.1010	7255340
2024-05-02	19.980	-0.0431	28459495
2024-05-03	20.330	0.0175	28799572
2024-05-06	20.230	-0.0049	14105198
2024-05-07	20.200	-0.0015	7443108
2024-05-08	19.800	-0.0198	8726182
2024-05-09	20.230	0.0217	17242995
2024-05-10	20.280	0.0025	7991078
2024-05-13	21.030	0.0370	7140469
2024-05-14	21.470	0.0209	13203091
2024-05-15	21.375	-0.0044	12997362
2024-05-16	21.170	-0.0096	7642030
2024-05-17	20.790	-0.0179	7724937
2024-05-20	20.675	-0.0055	10343298
2024-05-21	20.435	-0.0116	6315054
2024-05-22	20.395	-0.0020	8584429
2024-05-23	20.360	-0.0017	7883599
2024-05-24	20.550	0.0093	8797884
2024-05-27	20.855	0.0148	6501788
2024-05-28	20.700	-0.0074	6556174
2024-05-29	20.330	-0.0179	7835643
2024-05-30	20.475	0.0071	9064648
2024-05-31	20.200	-0.0134	7302774
2024-06-03	20.140	-0.0030	14042598
2024-06-04	19.926	-0.0106	8382788
2024-06-05	20.180	0.0127	9379341
2024-06-06	20.310	0.0064	8736333
2024-06-07	20.190	-0.0059	7638276
2024-06-10	20.255	0.0032	8264948
2024-06-11	20.075	-0.0089	8603926
2024-06-12	20.220	0.0072	7425820
2024-06-13	19.660	-0.0277	8116352
2024-06-14	18.820	-0.0427	14714341
2024-06-17	18.984	0.0087	19993667
2024-06-18	19.026	0.0022	10226842
2024-06-19	18.980	-0.0024	10027156
2024-06-20	19.074	0.0050	8975549
2024-06-21	19.032	-0.0022	12095138
2024-06-24	19.386	0.0186	26619037
2024-06-25	19.370	-0.0008	7772719
2024-06-26	19.342	-0.0014	9466645
2024-06-27	18.544	-0.0413	10363221
2024-06-28	18.470	-0.0040	12919774
2024-07-01	18.634	0.0089	12109294
2024-07-02	18.208	-0.0229	7179008
2024-07-03	18.316	0.0059	10526848
2024-07-04	18.298	-0.0010	10352354
2024-07-05	18.108	-0.0104	5473232
2024-07-08	18.020	-0.0049	6570531
2024-07-09	18.068	0.0027	6751389
2024-07-10	18.480	0.0228	7066116
2024-07-11	18.564	0.0045	7838408
2024-07-12	18.640	0.0041	5976344
2024-07-15	18.656	0.0009	6276745
2024-07-16	18.492	-0.0088	4700960
2024-07-17	18.658	0.0090	6687127
2024-07-18	19.006	0.0187	6830492
2024-07-19	18.584	-0.0222	10311610
2024-07-22	18.814	0.0124	11001404
2024-07-23	18.378	-0.0232	6438554
2024-07-24	18.260	-0.0064	9424527
2024-07-25	16.674	-0.0869	9472522
2024-07-26	16.166	-0.0305	27893601
2024-07-29	15.628	-0.0333	16472184
2024-07-30	15.486	-0.0091	20258647
2024-07-31	15.404	-0.0053	12209407
2024-08-01	15.190	-0.0139	11684362
2024-08-02	14.684	-0.0333	11177101
2024-08-05	14.304	-0.0259	17239386
2024-08-06	14.170	-0.0094	15259641
2024-08-07	14.238	0.0048	13162664
2024-08-08	14.238	0.0000	13932422
2024-08-09	14.064	-0.0122	11812807
2024-08-12	13.980	-0.0060	8319337
2024-08-13	13.878	-0.0073	8981450
2024-08-14	14.096	0.0157	12485369
2024-08-16	14.366	0.0192	9544337
2024-08-19	14.732	0.0255	12131369
2024-08-20	14.734	0.0001	10605882
2024-08-21	14.878	0.0098	11454452
2024-08-22	14.736	-0.0095	8253432
2024-08-23	14.966	0.0156	8052865
2024-08-26	14.934	-0.0021	9052691
2024-08-27	15.020	0.0058	5406405
2024-08-28	14.988	-0.0021	9264016
2024-08-29	15.146	0.0105	8273657
2024-08-30	15.138	-0.0005	6666163
2024-09-02	15.020	-0.0078	17403639
2024-09-03	14.606	-0.0276	9399269
2024-09-04	14.534	-0.0049	12394447
2024-09-05	14.294	-0.0165	10788030
2024-09-06	14.060	-0.0164	10481610
2024-09-09	14.064	0.0003	10699153
2024-09-10	13.680	-0.0273	8511955
2024-09-11	13.620	-0.0044	21696026
2024-09-12	13.512	-0.0079	12948548
2024-09-13	13.614	0.0075	15952740
2024-09-16	13.590	-0.0018	11864908
2024-09-17	13.642	0.0038	8537527
2024-09-18	13.664	0.0016	10801906
2024-09-19	13.950	0.0209	10216884
2024-09-20	13.470	-0.0344	16095526
2024-09-23	13.778	0.0229	24140661
2024-09-24	13.994	0.0157	13169788
2024-09-25	13.784	-0.0150	14547713
2024-09-26	13.992	0.0151	10894411
2024-09-27	14.550	0.0399	12591218
2024-09-30	12.408	-0.1472	16492007
2024-10-01	12.428	0.0016	76152756
2024-10-02	12.408	-0.0016	25726553
2024-10-03	11.912	-0.0400	15059122
2024-10-04	12.120	0.0175	24297537
2024-10-07	12.214	0.0078	18096301
2024-10-08	11.988	-0.0185	10892059
2024-10-09	12.220	0.0194	11012165
2024-10-10	12.194	-0.0021	10977878
2024-10-11	11.856	-0.0277	10329550
2024-10-14	12.042	0.0157	23993413
2024-10-15	12.002	-0.0033	12352480
2024-10-16	12.010	0.0007	13214497
2024-10-17	11.956	-0.0045	11870352
2024-10-18	12.184	0.0191	10475085
2024-10-21	11.926	-0.0212	17604125
2024-10-22	12.020	0.0079	12095973
2024-10-23	12.380	0.0300	10820476
2024-10-24	12.560	0.0145	24010337
2024-10-25	12.672	0.0089	21852099
2024-10-28	12.704	0.0025	13783319
2024-10-29	12.398	-0.0241	11344276
2024-10-30	12.238	-0.0129	12069140
2024-10-31	12.596	0.0293	22125851
2024-11-01	12.724	0.0102	20733008
2024-11-04	12.608	-0.0091	14030185
2024-11-05	12.650	0.0033	10534690
2024-11-06	12.872	0.0175	10379544
2024-11-07	13.020	0.0115	33033198
2024-11-08	12.538	-0.0370	16715709
2024-11-11	12.762	0.0179	19636753
2024-11-12	12.540	-0.0174	13284271
2024-11-13	12.460	-0.0064	13553482
2024-11-14	12.792	0.0266	10037134
2024-11-15	12.702	-0.0070	12872002
2024-11-18	12.656	-0.0036	11005968
2024-11-19	12.388	-0.0212	9050373
2024-11-20	12.208	-0.0145	15889388
2024-11-21	12.170	-0.0031	7974291
2024-11-22	12.514	0.0283	10086227
2024-11-25	12.814	0.0240	14202516
2024-11-26	12.200	-0.0479	34388441
2024-11-27	12.136	-0.0052	21964758
2024-11-28	12.350	0.0176	12153631
2024-11-29	12.536	0.0151	12297261
2024-12-02	11.746	-0.0630	13236146
2024-12-03	11.934	0.0160	49837899
2024-12-04	12.090	0.0131	20860927
2024-12-05	12.548	0.0379	26698495
2024-12-06	12.948	0.0319	24136969
2024-12-09	13.146	0.0153	26744860
2024-12-10	13.274	0.0097	17416853
2024-12-11	13.194	-0.0060	12652095
2024-12-12	13.208	0.0011	11668998
2024-12-13	13.348	0.0106	12017443
2024-12-16	12.730	-0.0463	14683747
2024-12-17	12.758	0.0022	22173772
2024-12-18	12.744	-0.0011	10704723
2024-12-19	12.362	-0.0300	10230791
2024-12-20	12.378	0.0013	14003871
2024-12-23	12.342	-0.0029	21521407
2024-12-27	12.596	0.0206	7063366
2024-12-30	12.590	-0.0005	8931131
2025-01-02	12.620	0.0024	7715193
2025-01-03	12.176	-0.0352	8078031
2025-01-06	12.652	0.0391	15650890
2025-01-07	12.788	0.0107	24909714
2025-01-08	12.450	-0.0264	10390360
2025-01-09	12.420	-0.0024	14341542
2025-01-10	12.276	-0.0116	7650068
2025-01-13	12.040	-0.0192	10398062
2025-01-14	12.100	0.0050	11924855
2025-01-15	12.330	0.0190	10944457
2025-01-16	12.208	-0.0099	12122529
2025-01-17	12.550	0.0280	14049997
2025-01-20	12.848	0.0237	27525479
2025-01-21	12.652	-0.0153	16165354
2025-01-22	12.700	0.0038	12674299
2025-01-23	12.662	-0.0030	11051230
2025-01-24	12.794	0.0104	7945874
2025-01-27	12.982	0.0147	16986347
2025-01-28	12.830	-0.0117	12554694
2025-01-29	12.870	0.0031	22787236
2025-01-30	13.030	0.0124	8402709
2025-01-31	12.962	-0.0052	11678312
2025-02-03	12.376	-0.0452	10784051
2025-02-04	12.610	0.0189	37740205
2025-02-05	12.550	-0.0048	15183607
2025-02-06	12.674	0.0099	10092243
2025-02-07	12.532	-0.0112	15410776
2025-02-10	12.628	0.0077	14538227
2025-02-11	12.662	0.0027	9555438
2025-02-12	12.674	0.0009	10222757
2025-02-13	13.250	0.0454	10714976
2025-02-14	13.424	0.0131	30824152
2025-02-17	13.432	0.0006	18129454
2025-02-18	13.558	0.0094	7286920
2025-02-19	13.332	-0.0167	12129361
2025-02-20	13.334	0.0002	12871054
2025-02-21	13.488	0.0115	13459478
2025-02-24	13.470	-0.0013	15689191
2025-02-25	13.490	0.0015	12394115
2025-02-26	12.944	-0.0405	13284411
2025-02-27	12.270	-0.0521	49725395
2025-02-28	12.360	0.0073	31244099
2025-03-03	12.328	-0.0026	26586990
2025-03-04	11.076	-0.1016	18266360
2025-03-05	11.576	0.0451	53544121
2025-03-06	11.816	0.0207	34316906
2025-03-07	11.646	-0.0144	18839114
2025-03-10	11.948	0.0259	18841886
2025-03-11	11.324	-0.0522	20819462
2025-03-12	11.262	-0.0055	26211803
2025-03-13	11.004	-0.0229	16160729
2025-03-14	11.274	0.0245	16916163
2025-03-17	11.430	0.0138	15820106
2025-03-18	11.586	0.0136	12330870
2025-03-19	11.620	0.0029	15072620
2025-03-20	11.272	-0.0299	11818128
2025-03-21	11.100	-0.0153	17973292
2025-03-24	11.316	0.0195	25601385
2025-03-25	11.400	0.0074	16692543
2025-03-26	11.394	-0.0005	12858707
2025-03-27	10.912	-0.0423	15764482
2025-03-28	10.482	-0.0394	34638651
2025-03-31	10.262	-0.0210	23766949
2025-04-01	10.284	0.0021	23740582
2025-04-02	10.192	-0.0089	15771641
2025-04-03	9.371	-0.0806	14271698
2025-04-04	8.776	-0.0635	35993223
2025-04-07	8.289	-0.0555	57027175
2025-04-08	8.219	-0.0084	57462064
2025-04-09	7.770	-0.0546	39319291
2025-04-10	7.971	0.0259	48787415
2025-04-11	7.667	-0.0381	49409996
2025-04-14	7.814	0.0192	42567126
2025-04-15	8.319	0.0646	23911457
2025-04-16	8.229	-0.0108	36694181
2025-04-17	8.291	0.0075	28345633
2025-04-22	7.712	-0.0698	20334636
2025-04-23	7.938	0.0293	44726229
2025-04-24	8.128	0.0239	32369901
2025-04-25	8.199	0.0087	22457796
2025-04-28	8.221	0.0027	19480811
2025-04-29	8.301	0.0097	15382131
2025-04-30	8.140	-0.0194	28363988
2025-05-02	8.380	0.0295	33831911
2025-05-05	8.378	-0.0002	32615510
2025-05-06	8.320	-0.0069	12424192
2025-05-07	8.298	-0.0026	20354173
2025-05-08	8.711	0.0498	17161180
2025-05-09	8.757	0.0053	25833984
2025-05-12	9.357	0.0685	24906707
2025-05-13	9.768	0.0439	42336605
2025-05-14	9.692	-0.0078	29813423
2025-05-15	9.572	-0.0124	23512954
2025-05-16	9.572	0.0000	18227024
2025-05-19	9.448	-0.0130	17732558
2025-05-20	9.574	0.0133	17929556
2025-05-21	9.535	-0.0041	18009694
2025-05-22	9.165	-0.0388	16548823
2025-05-23	8.742	-0.0462	21046252
2025-05-26	9.180	0.0501	31755837
2025-05-27	9.220	0.0044	17423701
2025-05-28	9.014	-0.0223	19369214
2025-05-29	9.066	0.0058	25153692
2025-05-30	8.965	-0.0111	24222728
2025-06-02	8.520	-0.0496	22266867
2025-06-03	8.740	0.0258	26183338
2025-06-04	8.678	-0.0071	23798813
2025-06-05	8.585	-0.0107	15751353
2025-06-06	8.673	0.0103	17389738
2025-06-09	8.718	0.0052	14669423
2025-06-10	9.151	0.0497	10950262
2025-06-11	9.028	-0.0134	30006288
2025-06-12	8.768	-0.0288	16887887
2025-06-13	8.483	-0.0325	16451751
2025-06-16	8.539	0.0066	25999727
2025-06-17	8.601	0.0073	18747415
2025-06-18	8.323	-0.0323	15439463
2025-06-19	8.155	-0.0202	17380094
2025-06-20	8.203	0.0059	13144711
2025-06-23	8.010	-0.0235	14313972
2025-06-24	8.254	0.0305	18357429
2025-06-25	8.509	0.0309	17466022
2025-06-26	8.341	-0.0197	23691964
2025-06-27	8.818	0.0572	9052094
2025-06-30	8.578	-0.0272	22626231
2025-07-01	8.601	0.0027	13342755
2025-07-02	8.745	0.0167	22841098
2025-07-03	8.747	0.0002	30751440
2025-07-04	8.573	-0.0199	24089726
2025-07-07	8.394	-0.0209	16052356
2025-07-08	8.617	0.0266	23769719
2025-07-09	8.745	0.0149	21065268
2025-07-10	8.844	0.0113	16013043
2025-07-11	8.586	-0.0292	8125744
2025-07-14	8.434	-0.0177	25330973
2025-07-15	8.530	0.0114	14872708
2025-07-16	8.144	-0.0453	15567609
2025-07-17	8.173	0.0036	20645022
2025-07-18	7.913	-0.0318	8861801
2025-07-21	8.035	0.0154	34650112
2025-07-22	7.881	-0.0192	40623767
2025-07-23	8.601	0.0914	24597676
2025-07-24	8.246	-0.0413	50212459
2025-07-25	8.505	0.0314	26472401
2025-07-28	8.273	-0.0273	24568888
2025-07-29	8.286	0.0016	30182491
2025-07-30	7.912	-0.0451	49765155
2025-07-31	7.916	0.0005	30051408
2025-08-01	7.589	-0.0413	17398748
2025-08-04	7.612	0.0030	24808254
2025-08-05	7.584	-0.0037	7440095
2025-08-06	7.633	0.0065	15932084
2025-08-07	7.896	0.0345	14072824
2025-08-08	8.086	0.0241	23878339
2025-08-11	8.020	-0.0082	20528554
2025-08-12	8.274	0.0317	13863124
2025-08-13	8.276	0.0002	20941353
2025-08-14	8.324	0.0058	17330900
2025-08-18	8.316	-0.0010	19266784
2025-08-19	8.584	0.0322	12146611
2025-08-20	8.428	-0.0182	20104996
2025-08-21	8.295	-0.0158	14925335
2025-08-22	8.646	0.0423	13377826
2025-08-25	8.572	-0.0086	23140524
2025-08-26	8.412	-0.0187	11702772
2025-08-27	8.173	-0.0284	20600216
2025-08-28	8.215	0.0051	19419395
2025-08-29	8.184	-0.0038	27861321
2025-09-01	8.230	0.0056	17691436
2025-09-02	8.070	-0.0194	11144487
2025-09-03	7.792	-0.0344	16017764
2025-09-04	7.713	-0.0101	22547193
2025-09-05	7.750	0.0048	20700076
2025-09-08	7.622	-0.0165	20358524
2025-09-09	7.620	-0.0003	22427470
2025-09-10	7.460	-0.0210	19082602
2025-09-11	8.145	0.0918	23749268
2025-09-12	7.995	-0.0184	43750129
2025-09-15	8.072	0.0096	28215943
2025-09-16	8.140	0.0084	7067863
2025-09-17	8.238	0.0120	24743922
2025-09-18	8.400	0.0197	27649720
2025-09-19	8.447	0.0056	31209632
2025-09-22	8.226	-0.0262	95231021
2025-09-23	8.485	0.0315	14213180
2025-09-24	8.181	-0.0358	27981002
2025-09-25	7.990	-0.0233	12614508
2025-09-26	7.905	-0.0106	27490812
2025-09-29	7.989	0.0106	24687844
2025-09-30	7.864	-0.0156	23121840
2025-10-01	8.140	0.0351	19192993
2025-10-02	8.816	0.0830	6605353
2025-10-03	9.020	0.0231	69049912
2025-10-06	9.216	0.0217	31185509
2025-10-07	9.433	0.0235	22212836
2025-10-08	9.317	-0.0123	36975894
2025-10-09	9.231	-0.0092	28318675
2025-10-10	8.560	-0.0727	36342285
2025-10-13	8.793	0.0272	48870339
2025-10-14	8.373	-0.0478	24923714
2025-10-15	8.642	0.0321	31615917
2025-10-16	8.838	0.0227	23049984
2025-10-17	8.915	0.0087	20363194
2025-10-20	9.117	0.0227	23916483
2025-10-21	9.117	0.0000	23267996
2025-10-22	9.352	0.0258	23267996
2025-10-23	9.229	-0.0132	24181371
2025-10-24	9.445	0.0234	18482396
2025-10-27	9.443	-0.0002	21656232
2025-10-28	9.592	0.0158	20425082
2025-10-29	9.707	0.0120	9949985
2025-10-30	8.845	-0.0888	35362928
2025-10-31	8.778	-0.0076	76778104
2025-11-03	8.855	0.0088	20034417
2025-11-04	8.642	-0.0241	22151911
2025-11-05	8.810	0.0194	20303239
2025-11-06	8.738	-0.0082	25658508
2025-11-07	8.710	-0.0032	18231894
2025-11-10	8.916	0.0237	15869286
2025-11-11	9.039	0.0138	18287013
2025-11-12	9.225	0.0206	7990901
2025-11-13	9.244	0.0021	22204960
2025-11-14	9.004	-0.0260	12474611
2025-11-17	8.784	-0.0244	18958182
2025-11-18	8.394	-0.0444	15710678
2025-11-19	8.453	0.0070	26622350
2025-11-20	8.196	-0.0304	13671892
2025-11-21	8.453	0.0314	22958919
2025-11-24	8.740	0.0340	24427885
2025-11-25	9.047	0.0351	23121255
2025-11-26	8.949	-0.0108	29186437
2025-11-27	9.014	0.0073	16697694
2025-11-28	9.193	0.0199	14164059
2025-12-01	9.225	0.0035	22838958
2022-12-02	9.129	-0.0104	18595204
2025-12-03	9.832	0.0770	18253736
2025-12-04	10.184	0.0358	61644393
2025-12-05	10.400	0.0212	41057330
2025-12-09	10.098	-0.0290	11614654
2025-12-10	10.170	0.0071	6127877
2025-12-11	10.020	-0.0147	17298146
2025-12-12	10.040	0.0020	31221284
2025-12-15	10.112	0.0072	17705769
2025-12-16	10.110	-0.0002	21376853
2025-12-17	10.026	-0.0083	19403379
2025-12-18	10.002	-0.0024	16917745
2025-12-19	9.905	-0.0097	23369825
2025-12-22	9.446	-0.0463	31912679
2025-12-23	9.405	-0.0043	31839327
2025-12-29	9.415	0.0011	14661874
2025-12-30	9.461	0.0049	10535069
2026-01-02	9.715	0.0268	11036610
2026-01-05	9.608	-0.0110	18495306
2026-01-06	9.408	-0.0208	20395301
2026-01-07	9.273	-0.0143	22514219
2026-01-08	9.417	0.0155	19354387
2026-01-09	9.397	-0.0021	29382236
2026-01-12	8.990	-0.0433	30580551
2026-01-13	8.674	-0.0352	36226513
2026-01-14	8.769	0.0110	34685999
2026-01-15	8.648	-0.0138	26177463
2026-01-16	8.387	-0.0302	17214663
2026-01-19	8.223	-0.0196	24450364
2026-01-20	8.084	-0.0169	22371957
2026-01-21	8.241	0.0194	19846370
2026-01-22	8.396	0.0188	23439830
2026-01-23	8.287	-0.0130	22532956
2026-01-26	8.113	-0.0210	18042315
2026-01-27	8.157	0.0054	15967948
2026-01-28	8.168	0.0013	22071057
2026-01-29	8.120	-0.0059	15970413
2026-01-30	8.286	0.0204	14561057
2026-02-02	8.406	0.0145	17836058
2026-02-03	8.372	-0.0040	17145484
2026-02-04	8.662	0.0346	24307446
2026-02-05	8.167	-0.0571	31141777
2026-02-06	6.111	-0.2517	33770548
2026-02-09	6.141	0.0049	237215533
2026-02-10	6.350	0.0340	76562509
2026-02-11	6.435	0.0134	66013116
2026-02-12	6.654	0.0340	38696008
2026-02-13	6.613	-0.0062	44918007
2026-02-16	6.643	0.0045	31984050
2026-02-17	6.571	-0.0108	27270613
2026-02-18	6.703	0.0201	25320755
2026-02-19	6.421	-0.0421	22546387
2026-02-20	6.552	0.0204	32466085
2026-02-23	6.472	-0.0122	37680339
2026-02-24	6.590	0.0182	20738892
2026-02-25	6.502	-0.0134	28185061
2026-02-26	6.778	0.0424	21733496
2026-02-27	6.941	0.0240	56803602
2026-03-02	6.444	-0.0716	38115558
2026-03-03	6.194	-0.0388	53683800
2026-03-04	6.491	0.0479	50360014
2026-03-05	6.292	-0.0307	40172576
2026-03-06	6.172	-0.0191	35058005
2026-03-09	5.987	-0.0300	30783189
2026-03-10	6.059	0.0120	43398408
2026-03-11	5.974	-0.0140	33016908
2026-03-12	5.974	0.0000	26354161
2026-03-13	5.713	-0.0437	41821769
2026-03-16	5.705	-0.0014	28844073
2026-03-17	5.879	0.0305	30395391
2026-03-18	5.762	-0.0199	29769117
2026-03-19	5.572	-0.0330	24438084
2026-03-20	5.531	-0.0074	27220460
2026-03-23	5.649	0.0213	34434013
2026-03-24	5.842	0.0342	43965688
2026-03-25	5.938	0.0164	30862250
2026-03-26	5.870	-0.0115	29196036
2026-03-27	5.882	0.0020	31338644
2026-03-30	5.993	0.0189	23343237
2026-03-31	6.059	0.0110	25288253
2026-04-01	6.322	0.0434	23330686
2026-04-02	6.580	0.0408	35252866
2026-04-07	6.324	-0.0389	54288402
2026-04-08	6.714	0.0617	44143473
2026-04-09	6.717	0.0004	53599197
2026-04-10	6.891	0.0259	25300134
2026-04-13	6.694	-0.0286	31245430
2026-04-14	6.927	0.0348	29899683
2026-04-15	7.050	0.0178	32980873
2026-04-16	6.968	-0.0116	56610636
2026-04-17	7.441	0.0679	29483442
2026-04-20	7.349	-0.0124	48003372
2026-04-21	7.386	0.0050	30131514
2026-04-22	7.303	-0.0112	25766414
2026-04-23	7.192	-0.0152	19830888
2026-04-24	6.837	-0.0494	20355071
2026-04-27	6.836	-0.0001	34934783
2026-04-28	6.695	-0.0206	19806715
2026-04-29	6.631	-0.0096	32505093
2026-04-30	6.209	-0.0636	19674312
2026-05-04	6.121	-0.0142	82484972
2026-05-05	6.181	0.0098	31320775
2026-05-06	6.485	0.0492	25525617
2026-05-07	6.408	-0.0119	42356481
2026-05-08	6.516	0.0169	20791118
2026-05-11	6.416	-0.0153	16061883
2026-05-12	6.261	-0.0242	20925095
2026-05-13	6.473	0.0339	19544389
2026-05-14	6.702	0.0354	27666311
2026-05-15	6.467	-0.0351	30769515
2026-05-18	6.396	-0.0110	32771308
2026-05-19	6.353	-0.0067	20769469
2026-05-20	6.437	0.0132	19189488
2026-05-21	6.307	-0.0202	23169903
2026-05-22	6.508	0.0319	68615194
2026-05-25	6.698	0.0292	47078901
2026-05-26	6.763	0.0097	20752302
2026-05-27	7.020	0.0380	22413253
2026-05-28	6.998	-0.0031	43476277
2026-05-29	6.865	-0.0190	22206583
2026-06-01	6.677	-0.0274	40063998
2026-06-02	6.629	-0.0072	27259142
2026-06-03	6.361	-0.0404	21051948
2026-06-04	6.425	0.0101	33798073
2026-06-05	6.220	-0.0319	20099103
2026-06-08	6.150	-0.0113	22922801
2026-06-09	6.033	-0.0190	31394894
2026-06-10	5.771	-0.0434	27814630
2026-06-11	5.791	0.0035	41862440
2026-06-12	5.892	0.0174	37842111
2026-06-15	6.085	0.0328	49403470
2026-06-16	5.971	-0.0187	47327803
2026-06-17	5.777	-0.0325	27333409
2026-06-18	5.565	-0.0367	37381299
2026-06-19	5.572	0.0013	67371032
2026-06-22	5.653	0.0145	31657445
2026-06-23	5.272	-0.0674	24611131
2026-06-24	5.176	-0.0182	49466933
2026-06-25	5.127	-0.0095	36698468
2026-06-26	5.022	-0.0205	32947583
2026-06-29	4.884	-0.0275	45328483
2026-06-30	4.976	0.0188	31315948
2026-07-01	5.142	0.0334	37428976
2026-07-02	5.115	-0.0053	32139661
2026-07-03	4.933	-0.0356	41872148
2026-07-06	5.021	0.0178	43562554
2026-07-07	4.984	-0.0074	35241077
2026-07-08	4.695	-0.0580	30710578
2026-07-09	4.675	-0.0043	55832401
2026-07-10	4.834	0.0340	34321385
2026-07-13	4.930	0.0199	34756926
2026-07-14	4.999	0.0140	31299499
2026-07-15	5.166	0.0334	29840688
2026-07-16	5.250	0.0163	38122695
2026-07-17	5.086	-0.0312	28712210
2026-07-20	5.052	-0.0067	28605309
2026-07-21	5.077	0.0049	20228472
2026-07-22	5.087	0.0020	33732348
2026-07-23	5.020	-0.0132	25232587
2026-07-24	5.020	0.0000	21118232
2026-07-27	4.966	-0.0108	23417559
2026-07-28	5.076	0.0222	38501186
2026-07-29	5.289	0.0420	37164091
2026-07-30	5.061	-0.0431	60196785
2026-07-31	4.962	-0.0196	114388539
2026-08-03	4.948	-0.0028	78288679
2026-08-04	4.991	0.0087	58067633
2026-08-05	4.900	-0.0182	52255043
2026-08-06	4.870	-0.0061	40228866
2026-08-07	4.789	-0.0166	29669472
2026-08-10	4.878	0.0186	61734784
2026-08-11	4.751	-0.0260	33767319
2026-08-12	4.629	-0.0257	34359672
2026-08-13	4.627	-0.0004	49407812
2026-08-14	4.620	-0.0015	43498213
2026-08-17	4.430	-0.0411	29737964
2026-08-18	4.381	-0.0111	49850686
2026-08-19	4.640	0.0591	34105744
2026-08-20	4.468	-0.0371	60371885
2026-08-21	4.646	0.0398	59912195
2026-08-24	4.424	-0.0478	39556810
2026-08-25	4.486	0.0140	44489429
2026-08-26	4.461	-0.0056	33911827
2026-08-27	4.576	0.0258	23834196
2026-08-28	4.681	0.0229	34429021
2026-08-31	4.755	0.0158	41416918
2026-09-01	4.641	-0.0240	37362138
2026-09-02	4.512	-0.0278	32673100
2026-09-03	4.702	0.0421	35719398
2026-09-04	4.786	0.0179	31686004
2026-09-07	4.806	0.0042	36227889
2026-09-08	4.672	-0.0279	22913780
2026-09-09	4.568	-0.0223	30002695
2026-09-10	4.547	-0.0046	28451543
2026-09-11	4.670	0.0271	30687453
2026-09-14	4.540	-0.0278	29909478
2026-09-15	4.487	-0.0117	33155861
2026-09-16	4.338	-0.0332	58756337
2026-09-17	4.436	0.0226	43003506
